# Archivo de resultados de la simulacion
# Formato:
#   Lineas que comienzan con 'P': posiciones de las particulas
#     P t id1 x1 y1 id2 x2 y2 ...
#   Lineas que comienzan con 'C': colisiones detectadas
#     C PP t id1 id2          (colision particula-particula)
#     C PO t idPart idObs     (colision particula-obstaculo)
#     C PW t idPart           (colision particula-pared)

P 0.100 1 100.000 10.400 2 59.700 49.800 3 80.200 79.800 4 90.000 70.000 5 150.500 50.300
P 0.200 1 100.000 10.800 2 59.400 49.600 3 80.400 79.600 4 90.000 70.000 5 151.000 50.600
P 0.300 1 100.000 11.200 2 59.100 49.400 3 80.600 79.400 4 90.000 70.000 5 151.500 50.900
P 0.400 1 100.000 11.600 2 58.800 49.200 3 80.800 79.200 4 90.000 70.000 5 152.000 51.200
P 0.500 1 100.000 12.000 2 58.500 49.000 3 81.000 79.000 4 90.000 70.000 5 152.500 51.500
P 0.600 1 100.000 12.400 2 58.200 48.800 3 81.200 78.800 4 90.000 70.000 5 153.000 51.800
P 0.700 1 100.000 12.800 2 57.900 48.600 3 81.400 78.600 4 90.000 70.000 5 153.500 52.100
P 0.800 1 100.000 13.200 2 57.600 48.400 3 81.600 78.400 4 90.000 70.000 5 154.000 52.400
P 0.900 1 100.000 13.600 2 57.300 48.200 3 81.800 78.200 4 90.000 70.000 5 154.500 52.700
P 1.000 1 100.000 14.000 2 57.000 48.000 3 82.000 78.000 4 90.000 70.000 5 155.000 53.000
P 1.100 1 100.000 14.400 2 56.700 47.800 3 82.200 77.800 4 90.000 70.000 5 155.500 53.300
P 1.200 1 100.000 14.800 2 56.400 47.600 3 82.400 77.600 4 90.000 70.000 5 156.000 53.600
P 1.300 1 100.000 15.200 2 56.100 47.400 3 82.600 77.400 4 90.000 70.000 5 156.500 53.900
P 1.400 1 100.000 15.600 2 55.800 47.200 3 82.800 77.200 4 90.000 70.000 5 157.000 54.200
C PP 1.500 3 4
P 1.500 1 100.000 16.000 2 55.500 47.000 5 157.500 54.500 3 86.500 73.500
P 1.600 1 100.000 16.400 2 55.200 46.800 5 158.000 54.800 3 86.600 73.400
P 1.700 1 100.000 16.800 2 54.900 46.600 5 158.500 55.100 3 86.700 73.300
P 1.800 1 100.000 17.200 2 54.600 46.400 5 159.000 55.400 3 86.800 73.200
P 1.900 1 100.000 17.600 2 54.300 46.200 5 159.500 55.700 3 86.900 73.100
P 2.000 1 100.000 18.000 2 54.000 46.000 5 160.000 56.000 3 87.000 73.000
P 2.100 1 100.000 18.400 2 53.700 45.800 5 160.500 56.300 3 87.100 72.900
P 2.200 1 100.000 18.800 2 53.400 45.600 5 161.000 56.600 3 87.200 72.800
P 2.300 1 100.000 19.200 2 53.100 45.400 5 161.500 56.900 3 87.300 72.700
P 2.400 1 100.000 19.600 2 52.800 45.200 5 162.000 57.200 3 87.400 72.600
P 2.500 1 100.000 20.000 2 52.500 45.000 5 162.500 57.500 3 87.500 72.500
C PO 2.600 5 4
P 2.600 1 100.000 20.400 2 52.200 44.800 5 162.900 57.800 3 87.600 72.400
C PO 2.700 5 4
P 2.700 1 100.000 20.800 2 51.900 44.600 5 162.450 58.100 3 87.700 72.300
C PO 2.800 5 4
P 2.800 1 100.000 21.200 2 51.600 44.400 5 162.595 58.400 3 87.800 72.200
C PO 2.900 5 4
P 2.900 1 100.000 21.600 2 51.300 44.200 5 162.324 58.700 3 87.900 72.100
C PO 3.000 5 4
P 3.000 1 100.000 22.000 2 51.000 44.000 5 162.344 59.000 3 88.000 72.000
C PO 3.100 5 4
P 3.100 1 100.000 22.400 2 50.700 43.800 5 162.160 59.300 3 88.100 71.900
C PO 3.200 5 4
P 3.200 1 100.000 22.800 2 50.400 43.600 5 162.118 59.600 3 88.200 71.800
C PO 3.300 5 4
P 3.300 1 100.000 23.200 2 50.100 43.400 5 161.977 59.900 3 88.300 71.700
C PO 3.400 5 4
P 3.400 1 100.000 23.600 2 49.800 43.200 5 161.906 60.200 3 88.400 71.600
C PO 3.500 5 4
P 3.500 1 100.000 24.000 2 49.500 43.000 5 161.786 60.500 3 88.500 71.500
C PO 3.600 5 4
P 3.600 1 100.000 24.400 2 49.200 42.800 5 161.700 60.800 3 88.600 71.400
C PO 3.700 5 4
P 3.700 1 100.000 24.800 2 48.900 42.600 5 161.590 61.100 3 88.700 71.300
C PO 3.800 5 4
P 3.800 1 100.000 25.200 2 48.600 42.400 5 161.497 61.400 3 88.800 71.200
C PO 3.900 5 4
P 3.900 1 100.000 25.600 2 48.300 42.200 5 161.492 61.600 3 88.900 71.100
C PO 4.000 5 4
P 4.000 1 100.000 26.000 2 48.000 42.000 5 161.387 61.390 3 89.000 71.000
C PO 4.100 5 4
P 4.100 1 100.000 26.400 2 47.700 41.800 5 161.291 61.180 3 89.100 70.900
C PO 4.200 5 4
P 4.200 1 100.000 26.800 2 47.400 41.600 5 161.188 60.970 3 89.200 70.800
C PO 4.300 5 4
P 4.300 1 100.000 27.200 2 47.100 41.400 5 161.090 60.760 3 89.300 70.700
C PO 4.400 5 4
P 4.400 1 100.000 27.600 2 46.800 41.200 5 160.989 60.550 3 89.400 70.600
C PO 4.500 5 4
P 4.500 1 100.000 28.000 2 46.500 41.000 5 160.890 60.340 3 89.500 70.500
C PO 4.600 5 4
P 4.600 1 100.000 28.400 2 46.200 40.800 5 160.789 60.130 3 89.600 70.400
C PO 4.700 5 4
P 4.700 1 100.000 28.800 2 45.900 40.600 5 160.689 59.920 3 89.700 70.300
C PO 4.800 5 4
P 4.800 1 100.000 29.200 2 45.600 40.400 5 160.589 59.710 3 89.800 70.200
C PO 4.900 5 4
P 4.900 1 100.000 29.600 2 45.300 40.200 5 160.489 59.500 3 89.900 70.100
C PO 5.000 5 4
P 5.000 1 100.000 30.000 2 45.000 40.000 5 160.389 59.290 3 90.000 70.000
C PO 5.100 5 4
P 5.100 1 100.000 30.400 2 44.700 39.800 5 160.289 59.080 3 90.100 69.900
C PO 5.200 5 4
P 5.200 1 100.000 30.800 2 44.400 39.600 5 160.189 58.870 3 90.200 69.800
C PO 5.300 5 4
P 5.300 1 100.000 31.200 2 44.100 39.400 5 160.089 58.660 3 90.300 69.700
C PO 5.400 5 4
P 5.400 1 100.000 31.600 2 43.800 39.200 5 159.989 58.450 3 90.400 69.600
C PO 5.500 5 4
P 5.500 1 100.000 32.000 2 43.500 39.000 5 159.889 58.240 3 90.500 69.500
P 5.600 1 100.000 32.400 2 43.200 38.800 5 159.889 58.030 3 90.600 69.400
P 5.700 1 100.000 32.800 2 42.900 38.600 5 159.889 57.820 3 90.700 69.300
P 5.800 1 100.000 33.200 2 42.600 38.400 5 159.889 57.610 3 90.800 69.200
C PO 5.900 2 1
P 5.900 1 100.000 33.600 2 42.300 38.300 5 159.889 57.400 3 90.900 69.100
C PO 6.000 2 1
P 6.000 1 100.000 34.000 2 42.000 38.540 5 159.889 57.190 3 91.000 69.000
C PO 6.100 2 1
P 6.100 1 100.000 34.400 2 41.700 38.542 5 159.889 56.980 3 91.100 68.900
C PO 6.200 2 1
P 6.200 1 100.000 34.800 2 41.400 38.711 5 159.889 56.770 3 91.200 68.800
C PO 6.300 2 1
P 6.300 1 100.000 35.200 2 41.100 38.763 5 159.889 56.560 3 91.300 68.700
C PO 6.400 2 1
P 6.400 1 100.000 35.600 2 40.800 38.896 5 159.889 56.350 3 91.400 68.600
C PO 6.500 2 1
P 6.500 1 100.000 36.000 2 40.500 38.973 5 159.889 56.140 3 91.500 68.500
C PO 6.600 2 1
P 6.600 1 100.000 36.400 2 40.200 39.089 5 159.889 55.930 3 91.600 68.400
C PO 6.700 2 1
P 6.700 1 100.000 36.800 2 39.900 39.178 5 159.889 55.720 3 91.700 68.300
C PO 6.800 2 1
P 6.800 1 100.000 37.200 2 39.600 39.286 5 159.889 55.510 3 91.800 68.200
C PO 6.900 2 1
P 6.900 1 100.000 37.600 2 39.300 39.380 5 159.889 55.300 3 91.900 68.100
C PO 7.000 2 1
P 7.000 1 100.000 38.000 2 39.100 39.384 5 159.889 55.090 3 92.000 68.000
C PO 7.100 2 1
P 7.100 1 100.000 38.400 2 39.410 39.388 5 159.889 54.880 3 92.100 67.900
C PO 7.200 2 1
P 7.200 1 100.000 38.800 2 39.363 39.392 5 159.889 54.670 3 92.200 67.800
C PO 7.300 2 1
P 7.300 1 100.000 39.200 2 39.466 39.496 5 159.889 54.460 3 92.300 67.700
C PO 7.400 2 1
P 7.400 1 100.000 39.600 2 39.569 39.593 5 159.889 54.250 3 92.400 67.600
C PO 7.500 2 1
P 7.500 1 100.000 40.000 2 39.672 39.695 5 159.889 54.040 3 92.500 67.500
C PO 7.600 2 1
P 7.600 1 100.000 40.400 2 39.775 39.794 5 159.889 53.830 3 92.600 67.400
C PO 7.700 2 1
P 7.700 1 100.000 40.800 2 39.878 39.895 5 159.889 53.620 3 92.700 67.300
C PO 7.800 2 1
P 7.800 1 100.000 41.200 2 39.980 39.994 5 159.889 53.410 3 92.800 67.200
C PO 7.900 2 1
P 7.900 1 100.000 41.600 2 40.083 40.094 5 159.889 53.200 3 92.900 67.100
C PO 8.000 2 1
P 8.000 1 100.000 42.000 2 40.186 40.194 5 159.889 52.990 3 93.000 67.000
C PO 8.100 2 1
P 8.100 1 100.000 42.400 2 40.289 40.294 5 159.889 52.780 3 93.100 66.900
C PO 8.200 2 1
P 8.200 1 100.000 42.800 2 40.392 40.394 5 159.889 52.570 3 93.200 66.800
C PO 8.300 2 1
P 8.300 1 100.000 43.200 2 40.495 40.494 5 159.889 52.360 3 93.300 66.700
C PO 8.400 2 1
P 8.400 1 100.000 43.600 2 40.598 40.594 5 159.889 52.150 3 93.400 66.600
C PO 8.500 2 1
P 8.500 1 100.000 44.000 2 40.701 40.694 5 159.889 51.940 3 93.500 66.500
C PO 8.600 2 1
P 8.600 1 100.000 44.400 2 40.804 40.794 5 159.889 51.730 3 93.600 66.400
C PO 8.700 2 1
P 8.700 1 100.000 44.800 2 40.907 40.894 5 159.889 51.520 3 93.700 66.300
C PO 8.800 2 1
P 8.800 1 100.000 45.200 2 41.009 40.994 5 159.889 51.310 3 93.800 66.200
P 8.900 1 100.000 45.600 2 41.112 40.994 5 159.889 51.100 3 93.900 66.100
P 9.000 1 100.000 46.000 2 41.215 40.994 5 159.889 50.890 3 94.000 66.000
P 9.100 1 100.000 46.400 2 41.318 40.994 5 159.889 50.680 3 94.100 65.900
P 9.200 1 100.000 46.800 2 41.421 40.994 5 159.889 50.470 3 94.200 65.800
P 9.300 1 100.000 47.200 2 41.524 40.994 5 159.889 50.260 3 94.300 65.700
P 9.400 1 100.000 47.600 2 41.627 40.994 5 159.889 50.050 3 94.400 65.600
P 9.500 1 100.000 48.000 2 41.730 40.994 5 159.889 49.840 3 94.500 65.500
P 9.600 1 100.000 48.400 2 41.833 40.994 5 159.889 49.630 3 94.600 65.400
P 9.700 1 100.000 48.800 2 41.936 40.994 5 159.889 49.420 3 94.700 65.300
P 9.800 1 100.000 49.200 2 42.038 40.994 5 159.889 49.210 3 94.800 65.200
P 9.900 1 100.000 49.600 2 42.141 40.994 5 159.889 49.000 3 94.900 65.100
P 10.000 1 100.000 50.000 2 42.244 40.994 5 159.889 48.790 3 95.000 65.000
P 10.100 1 100.000 50.400 2 42.347 40.994 5 159.889 48.580 3 95.100 64.900
P 10.200 1 100.000 50.800 2 42.450 40.994 5 159.889 48.370 3 95.200 64.800
P 10.300 1 100.000 51.200 2 42.553 40.994 5 159.889 48.160 3 95.300 64.700
P 10.400 1 100.000 51.600 2 42.656 40.994 5 159.888 47.950 3 95.400 64.600
P 10.500 1 100.000 52.000 2 42.759 40.994 5 159.888 47.740 3 95.500 64.500
P 10.600 1 100.000 52.400 2 42.862 40.994 5 159.888 47.530 3 95.600 64.400
P 10.700 1 100.000 52.800 2 42.965 40.994 5 159.888 47.320 3 95.700 64.300
C PP 10.800 1 3
P 10.800 2 43.067 40.994 5 159.888 47.110 1 97.200 60.533
P 10.900 2 43.170 40.994 5 159.888 46.900 1 97.267 60.600
P 11.000 2 43.273 40.994 5 159.888 46.690 1 97.333 60.667
P 11.100 2 43.376 40.995 5 159.888 46.480 1 97.400 60.733
P 11.200 2 43.479 40.995 5 159.888 46.270 1 97.467 60.800
P 11.300 2 43.582 40.995 5 159.888 46.060 1 97.533 60.867
P 11.400 2 43.685 40.995 5 159.888 45.850 1 97.600 60.933
P 11.500 2 43.788 40.995 5 159.888 45.640 1 97.667 61.000
P 11.600 2 43.891 40.995 5 159.888 45.430 1 97.733 61.067
P 11.700 2 43.994 40.995 5 159.888 45.220 1 97.800 61.133
P 11.800 2 44.096 40.995 5 159.888 45.010 1 97.867 61.200
P 11.900 2 44.199 40.995 5 159.888 44.800 1 97.933 61.267
P 12.000 2 44.302 40.995 5 159.888 44.590 1 98.000 61.333
P 12.100 2 44.405 40.995 5 159.888 44.380 1 98.067 61.400
P 12.200 2 44.508 40.995 5 159.888 44.170 1 98.133 61.467
P 12.300 2 44.611 40.995 5 159.888 43.960 1 98.200 61.533
P 12.400 2 44.714 40.995 5 159.888 43.750 1 98.267 61.600
P 12.500 2 44.817 40.995 5 159.888 43.540 1 98.333 61.667
P 12.600 2 44.920 40.995 5 159.888 43.330 1 98.400 61.733
P 12.700 2 45.023 40.995 5 159.888 43.120 1 98.467 61.800
P 12.800 2 45.125 40.995 5 159.888 42.910 1 98.533 61.867
P 12.900 2 45.228 40.995 5 159.888 42.700 1 98.600 61.933
P 13.000 2 45.331 40.995 5 159.888 42.490 1 98.667 62.000
P 13.100 2 45.434 40.995 5 159.888 42.280 1 98.733 62.067
P 13.200 2 45.537 40.995 5 159.888 42.070 1 98.800 62.133
P 13.300 2 45.640 40.995 5 159.888 41.860 1 98.867 62.200
C PO 13.400 5 2
P 13.400 2 45.743 40.995 5 159.788 41.650 1 98.933 62.267
C PO 13.500 5 2
P 13.500 2 45.846 40.995 5 159.688 41.440 1 99.000 62.333
C PO 13.600 5 2
P 13.600 2 45.949 40.995 5 159.588 41.230 1 99.067 62.400
C PO 13.700 5 2
P 13.700 2 46.052 40.995 5 159.488 41.020 1 99.133 62.467
C PO 13.800 5 2
P 13.800 2 46.154 40.995 5 159.388 40.810 1 99.200 62.533
C PO 13.900 5 2
P 13.900 2 46.257 40.995 5 159.388 40.700 1 99.267 62.600
C PO 14.000 5 2
P 14.000 2 46.360 40.995 5 159.288 40.847 1 99.333 62.667
C PO 14.100 5 2
P 14.100 2 46.463 40.995 5 159.188 40.994 1 99.400 62.733
C PO 14.200 5 2
P 14.200 2 46.566 40.995 5 159.088 41.141 1 99.467 62.800
P 14.300 2 46.669 40.995 5 159.088 41.288 1 99.533 62.867
P 14.400 2 46.772 40.995 5 159.088 41.435 1 99.600 62.933
P 14.500 2 46.875 40.995 5 159.088 41.582 1 99.667 63.000
P 14.600 2 46.978 40.995 5 159.088 41.729 1 99.733 63.067
P 14.700 2 47.081 40.995 5 159.088 41.876 1 99.800 63.133
P 14.800 2 47.183 40.995 5 159.088 42.023 1 99.867 63.200
P 14.900 2 47.286 40.995 5 159.088 42.170 1 99.933 63.267
P 15.000 2 47.389 40.995 5 159.088 42.317 1 100.000 63.333
P 15.100 2 47.492 40.995 5 159.088 42.464 1 100.067 63.400
